V4.3 n590 operating-map export
rows = 1836
temperature_K = 253.0
bias_V = -570.0
field_min_V_per_cm = 67.477695308438015
field_max_V_per_cm = 385019.93225028052
eAlpha_max_cm-1 = 37127.514296062487
hAlpha_max_cm-1 = 5903.4267675494821
electric_field_vector_max_abs_error = 1.7462298274040222e-10
