V4.3 n590 operating-map export
rows = 1836
temperature_K = 300.0
bias_V = -530.0
field_min_V_per_cm = 85.199293762615767
field_max_V_per_cm = 392993.88497291069
eAlpha_max_cm-1 = 37012.964754899251
hAlpha_max_cm-1 = 5950.541908846847
electric_field_vector_max_abs_error = 1.7462298274040222e-10
