V4.3 n590 operating-map export
rows = 1836
temperature_K = 253.0
bias_V = -470.0
field_min_V_per_cm = 66.589913846272438
field_max_V_per_cm = 385323.19967056939
eAlpha_max_cm-1 = 37244.928012060816
hAlpha_max_cm-1 = 5930.1288911135716
electric_field_vector_max_abs_error = 1.1641532182693481e-10
