V4.3 n590 operating-map export
rows = 1836
temperature_K = 253.0
bias_V = -550.0
field_min_V_per_cm = 66.589913816176761
field_max_V_per_cm = 401833.54101361037
eAlpha_max_cm-1 = 43982.471214909892
hAlpha_max_cm-1 = 7700.1258571460676
electric_field_vector_max_abs_error = 1.7462298274040222e-10
