V4.3 n590 operating-map export
rows = 1836
temperature_K = 253.0
bias_V = -450.0
field_min_V_per_cm = 66.589913816176761
field_max_V_per_cm = 381195.18991297222
eAlpha_max_cm-1 = 35702.406280683907
hAlpha_max_cm-1 = 5525.8353905455797
electric_field_vector_max_abs_error = 1.7462298274040222e-10
