V4.3 n590 operating-map export
rows = 1836
temperature_K = 300.0
bias_V = -590.0
field_min_V_per_cm = 85.794760136205355
field_max_V_per_cm = 392794.43320158363
eAlpha_max_cm-1 = 36937.735162163008
hAlpha_max_cm-1 = 5931.3397836295326
electric_field_vector_max_abs_error = 1.7462298274040222e-10
