V4.3 n590 operating-map export
rows = 1836
temperature_K = 300.0
bias_V = -550.0
field_min_V_per_cm = 85.397862146936916
field_max_V_per_cm = 392905.7352815367
eAlpha_max_cm-1 = 36979.615430760168
hAlpha_max_cm-1 = 5942.0813480354263
electric_field_vector_max_abs_error = 1.7462298274040222e-10
