V4.3 n590 operating-map export
rows = 1836
temperature_K = 253.0
bias_V = -610.0
field_min_V_per_cm = 67.835201811791649
field_max_V_per_cm = 384949.09448738972
eAlpha_max_cm-1 = 37100.734645741053
hAlpha_max_cm-1 = 5896.4854488218243
electric_field_vector_max_abs_error = 1.7462298274040222e-10
