V4.3 n590 operating-map export
rows = 1836
temperature_K = 300.0
bias_V = -570.0
field_min_V_per_cm = 84.979286475774828
field_max_V_per_cm = 393566.28925704857
eAlpha_max_cm-1 = 37229.495191128648
hAlpha_max_cm-1 = 6004.9137903550036
electric_field_vector_max_abs_error = 1.1641532182693481e-10
