V4.3 n590 operating-map export
rows = 1836
temperature_K = 300.0
bias_V = -510.0
field_min_V_per_cm = 84.979275460754067
field_max_V_per_cm = 393565.86957482848
eAlpha_max_cm-1 = 37229.363422502793
hAlpha_max_cm-1 = 6004.8393044550594
electric_field_vector_max_abs_error = 1.7462298274040222e-10
