V4.3 n590 operating-map export
rows = 1836
temperature_K = 253.0
bias_V = -530.0
field_min_V_per_cm = 66.589913816176761
field_max_V_per_cm = 397706.03847599431
eAlpha_max_cm-1 = 42422.452865232597
hAlpha_max_cm-1 = 7247.0864899293247
electric_field_vector_max_abs_error = 1.7462298274040222e-10
