V4.3 n590 operating-map export
rows = 1836
temperature_K = 253.0
bias_V = -490.0
field_min_V_per_cm = 66.589913816176761
field_max_V_per_cm = 389450.92552864109
eAlpha_max_cm-1 = 39183.55990234403
hAlpha_max_cm-1 = 6378.164578175425
electric_field_vector_max_abs_error = 1.7462298274040222e-10
