V4.3 n590 operating-map export
rows = 1836
temperature_K = 300.0
bias_V = -610.0
field_min_V_per_cm = 85.993831073140086
field_max_V_per_cm = 392751.34771240997
eAlpha_max_cm-1 = 36921.539682682756
hAlpha_max_cm-1 = 5927.1635771619412
electric_field_vector_max_abs_error = 1.7462298274040222e-10
